23.681484 9.552914 1.056829 0 0
42.857864 9.242640 8.387241 4 0
47.823620 14.795555 9.333805 8 0
51.176380 11.795555 7.055092 6 1
63.142136 11.242640 4.092287 4 2
61.318520 6.552915 2.167745 1 3
69.318520 3.447085 1.668708 2 1
57.142136 3.757360 0.955559 0 2
45.176380 0.000000 3.206824 0 0
46.823620 0.000000 5.054306 4 0
36.857868 0.000000 5.720659 3 0
27.681482 5.447087 5.646401 4 0
22.681484 5.552914 3.973454 3 0
27.857864 9.242640 4.294463 4 0
41.823620 14.795555 8.442987 5 0
54.176380 9.795555 7.014772 3 1
56.142136 8.242640 6.087625 4 2
68.318520 10.552915 4.090249 1 3
72.318520 0.447085 4.090343 2 1
65.142136 0.000000 3.095633 3 2
54.176380 1.204445 2.090298 2 3
35.823620 3.204445 5.324625 1 2
29.857868 0.000000 5.876751 3 1
38.681480 4.447087 10.152733 3 2
35.681484 5.552914 13.600359 5 3
38.857864 12.242640 18.109360 6 4
45.823620 11.795555 23.627583 6 5
61.176380 8.795555 20.216553 3 6
56.142136 8.242640 19.289406 1 3
75.318520 4.552915 19.289429 2 1
64.318520 5.447085 17.806995 5 2
58.142136 4.757360 15.533094 7 3
61.176380 0.000000 11.566303 8 4
40.823620 0.000000 10.489443 5 5
38.857868 0.000000 10.394337 4 6
24.681482 7.447087 8.611608 2 4
22.681484 4.552914 7.907850 2 2
39.857864 13.242640 14.107931 4 3
48.823620 11.795555 15.663940 5 4
48.176380 13.795555 16.213585 3 5
61.142136 6.242640 14.293114 1 3
75.318520 5.552915 13.293139 2 1
67.318520 0.447085 11.794982 5 2
57.142136 0.757360 9.475243 7 3
59.176380 3.204445 5.602736 5 4
46.823620 0.204445 7.526521 2 5
41.857868 0.000000 9.369706 1 2
39.681480 4.447087 14.741020 3 1
26.681484 5.552914 14.354897 6 2
39.857864 9.242640 19.307533 8 3
49.823620 9.795555 17.854019 9 4
59.176380 9.795555 13.056257 4 5
61.142136 7.242640 10.641140 1 4
76.318520 9.552915 10.641155 1 1
76.318520 4.447085 9.641167 4 2
66.142136 1.757360 7.145532 6 3
46.176380 0.000000 6.155190 4 4
40.823620 0.000000 7.078329 1 5
30.857868 0.000000 7.854235 1 1
24.681482 3.447087 7.852544 4 2
20.681484 4.552914 5.994915 3 3
36.857864 11.242640 11.631753 1 4
51.823620 10.795555 12.596046 1 1
46.176380 10.795555 17.024399 4 2
63.142136 13.242640 14.558403 4 3
66.318520 3.552915 12.563583 3 4
76.318520 1.447085 10.563591 3 3
60.142136 2.757360 8.645498 4 4
51.176380 0.000000 6.989439 4 5
53.823620 0.000000 5.424842 1 4
33.857868 4.757359 9.092402 1 1
32.681480 5.447087 11.898271 4 2
