1000 7.109135
2000 8.266547
3000 7.120666
4000 8.043931
5000 8.444645
6000 8.280452
7000 8.160211
8000 8.349119
9000 6.987226
10000 7.016586
20000 6.454233
30000 6.862710
40000 6.057038
50000 6.434855
60000 6.344768
70000 6.401377
80000 6.224402
90000 6.304986
100000 6.234259
200000 6.334796
300000 6.166979
400000 6.329748
500000 6.300562
600000 6.233792
700000 5.704048
800000 6.082301
900000 5.839738
1000000 5.162709
2000000 3.335603
3000000 3.603993
4000000 3.511149
5000000 3.503846
6000000 3.688755
7000000 3.363828
8000000 3.371227
9000000 3.373064
10000000 3.507369
20000000 4.061865
30000000 3.500135
