1000 6.961199
2000 8.296925
3000 7.890441
4000 8.277555
5000 7.893678
6000 8.104146
7000 7.906135
8000 8.127398
9000 7.965620
10000 8.013968
20000 8.158474
30000 8.056126
40000 7.993666
50000 7.957052
60000 7.929883
70000 7.920737
80000 7.975788
90000 7.965297
100000 7.944030
200000 9.103168
300000 7.966112
400000 7.935101
500000 7.936916
600000 9.755588
700000 8.342155
800000 8.237389
900000 8.097053
1000000 7.975119
2000000 5.364365
3000000 5.276786
4000000 5.327536
5000000 4.991236
6000000 5.299767
7000000 4.890894
8000000 5.561801
9000000 4.959881
10000000 5.473818
20000000 5.269810
30000000 5.238775
